Vertex Count: 72

Data:
0.0  1.0 0.0 1.0 0.0 1.0 1.0 0.0  0.0  0.0 -1.0
0.0  1.0 1.0 1.0 0.0 1.0 1.0 0.0  0.0  0.0 -1.0
0.75 1.0 0.5 1.0 0.0 1.0 0.0 1.0  0.0  0.0 -1.0
0.0  1.0 0.0 1.0 0.0 1.0 1.0 0.0  0.0  0.0 -1.0
0.75 1.0 0.5 1.0 0.0 1.0 0.0 1.0  0.0  0.0 -1.0
0.75  1.0 -0.5 1.0 0.0 1.0 1.0 0.0  0.0  0.0 -1.0
0.0  1.0 0.0 1.0 0.0 1.0 1.0 0.0  0.0  0.0 -1.0
0.75 1.0 -0.5 1.0 0.0 1.0 0.0 1.0  0.0  0.0 -1.0
0.0  1.0 -1.0 1.0 0.0 1.0 1.0 0.0  0.0  0.0 -1.0
0.0  1.0 0.0 1.0 0.0 1.0 1.0 0.0  0.0  0.0 -1.0
0.0  1.0 -1.0 1.0 0.0 1.0 1.0 0.0  0.0  0.0 -1.0
-0.75 1.0 -0.5 1.0 0.0 1.0 0.0 1.0  0.0  0.0 -1.0
0.0  1.0 0.0 1.0 0.0 1.0 1.0 0.0  0.0  0.0 -1.0
-0.75 1.0 -0.5 1.0 0.0 1.0 0.0 1.0  0.0  0.0 -1.0
-0.75 1.0 0.5 1.0 0.0 1.0 1.0 0.0  0.0  0.0 -1.0
0.0  1.0 0.0 1.0 0.0 1.0 1.0 0.0  0.0  0.0 -1.0
-0.75 1.0 0.5 1.0 0.0 1.0 0.0 1.0  0.0  0.0 -1.0
0.0 1.0 1.0 1.0 0.0 1.0 1.0 0.0  0.0  0.0 -1.0

0.0  1.0 1.0 1.0 0.0 1.0 1.0 0.0  0.55470019  0.0 0.83205029
0.0  -1.0 1.0 1.0 0.0 1.0 1.0 0.0  0.55470019  0.0 0.83205029
0.75 1.0 0.5 1.0 0.0 1.0 0.0 1.0  0.55470019  0.0 0.83205029
0.75 1.0 0.5 1.0 0.0 1.0 0.0 1.0  0.55470019  0.0 0.83205029
0.0  -1.0 1.0 1.0 0.0 1.0 1.0 0.0  0.55470019  0.0 0.83205029
0.75 -1.0 0.5 1.0 0.0 1.0 0.0 1.0  0.55470019  0.0 0.83205029
0.75 1.0 0.5 1.0 0.0 1.0 0.0 1.0  1.0  0.0 0.0
0.75 -1.0 0.5 1.0 0.0 1.0 0.0 1.0  1.0  0.0 0.0
0.75 1.0 -0.5 1.0 0.0 1.0 0.0 1.0  1.0  0.0 0.0
0.75 1.0 -0.5 1.0 0.0 1.0 0.0 1.0  1.0  0.0 0.0
0.75 -1.0 0.5 1.0 0.0 1.0 0.0 1.0  1.0  0.0 0.0
0.75 -1.0 -0.5 1.0 0.0 1.0 0.0 1.0  1.0  0.0 0.0
0.75 1.0 -0.5 1.0 0.0 1.0 0.0 1.0  0.55470019  0.0 -0.83205029
0.75 -1.0 -0.5 1.0 0.0 1.0 0.0 1.0  0.55470019  0.0 -0.83205029
0.0 1.0 -1.0 1.0 0.0 1.0 0.0 0.5  0.55470019  0.0 -0.83205029
0.0 1.0 -1.0 1.0 0.0 1.0 0.0 1.0  0.55470019  0.0 -0.83205029
0.75 -1.0 -0.5 1.0 0.0 1.0 0.0 1.0  0.55470019  0.0 -0.83205029
0.0 -1.0 -1.0 1.0 0.0 1.0 0.0 1.0  0.55470019  0.0 -0.83205029
0.0 1.0 -1.0 1.0 0.0 1.0 0.0 1.0  -0.55470019  0.0 -0.83205029
0.0 -1.0 -1.0 1.0 0.0 1.0 0.0 1.0  -0.55470019  0.0 -0.83205029
-0.75 1.0 -0.5 1.0 0.0 1.0 0.0 1.0  -0.55470019  0.0 -0.83205029
-0.75 1.0 -0.5 1.0 0.0 1.0 0.0 1.0  -0.55470019  0.0 -0.83205029
0.0 -1.0 -1.0 1.0 0.0 1.0 0.0 1.0  -0.55470019  0.0 -0.83205029
-0.75 -1.0 -0.5 1.0 0.0 1.0 0.0 1.0  -0.55470019  0.0 -0.83205029

-0.75 1.0 -0.5 0.0 0.0 1.0 0.0 1.0  0.0  -1.0 0.0
-0.75 -1.0 -0.5 0.0 0.0 1.0 0.0 1.0 0.0  -1.0 0.0
-0.75 1.0 0.5 0.0 0.0 1.0 0.0 1.0  0.0  -1.0 0.0
-0.75 1.0 0.5 0.0 0.0 1.0 0.0 1.0  0.0  -1.0 0.0
-0.75 -1.0 -0.5 0.0 0.0 1.0 0.0 1.0  0.0  -1.0 0.0
-0.75 -1.0 0.5 0.0 0.0 1.0 0.0 1.0  0.0  -1.0 0.0

-0.75 1.0 0.5 1.0 1.0 1.0 0.0 1.0  -0.55470019  0.0 0.83205029
-0.75 -1.0 0.5 1.0 1.0 1.0 0.0 1.0  -0.55470019  0.0 0.83205029
0.0 1.0 1.0 1.0 0.0 1.0 0.0 1.0  -0.55470019  0.0 0.83205029
0.0 1.0 1.0 1.0 0.0 1.0 0.0 1.0  -0.55470019  0.0 0.83205029
-0.75 -1.0 0.5 1.0 1.0 1.0 0.0 1.0  -0.55470019  0.0 0.83205029
0.0 -1.0 1.0 1.0 0.0 1.0 0.0 1.0  -0.55470019  0.0 0.83205029

0.0  -1.0 0.0 1.0 0.0 1.0 0.0 0.0  0.0  0.0 -1.0
0.75 -1.0 0.5 1.0 0.0 1.0 0.0 1.0  0.0  0.0 -1.0
0.0  -1.0 1.0 1.0 0.0 1.0 1.0 1.0  0.0  0.0 -1.0
0.0  -1.0 0.0 0.0 1.0 0.0 1.0 1.0  0.0  0.0 -1.0
0.75  -1.0 -0.5 0.0 1.0 0.0 1.0 1.0  0.0  0.0 -1.0
0.75 -1.0 0.5 0.0 1.0 0.0 1.0 1.0  0.0  0.0 -1.0
0.0  -1.0 0.0 0.0 1.0 0.0 1.0 0.0  0.0  0.0 -1.0
0.0  -1.0 -1.0 0.0 1.0 0.0 1.0 1.0  0.0  0.0 -1.0
0.75 -1.0 -0.5 0.0 1.0 0.0 1.0 1.0  0.0  0.0 -1.0
0.0  -1.0 0.0 0.0 1.0 0.0 1.0 1.0  0.0  0.0 -1.0
-0.75 -1.0 -0.5 1.0 0.0 1.0 0.0 1.0  0.0  0.0 -1.0
0.0  -1.0 -1.0 1.0 1.0 0.0 1.0 0.0  0.0  0.0 -1.0
0.0  -1.0 0.0 0.0 1.0 0.0 1.0 1.0  0.0  0.0 -1.0
-0.75 -1.0 0.5 0.0 1.0 0.0 1.0 1.0  0.0  0.0 -1.0
-0.75 -1.0 -0.5 0.0 1.0 0.0 1.0 1.0  0.0  0.0 -1.0
0.0  -1.0 0.0 0.0 1.0 0.0 1.0 1.0  0.0  0.0 -1.0
0.0 -1.0 1.0 0.0 1.0 0.0 1.0 1.0  0.0  0.0 -1.0
-0.75 -1.0 0.5 0.0 1.0 0.0 1.0 1.0  0.0  0.0 -1.0
